      0.003906        1.000000        0.000000        1.000000
      0.011719        1.000000        0.000000        1.000000
      0.019531        1.000000        0.000000        1.000000
      0.027344        1.000000        0.000000        1.000000
      0.035156        1.000000        0.000000        1.000000
      0.042969        1.000000        0.000000        1.000000
      0.050781        1.000000        0.000000        1.000000
      0.058594        1.000000        0.000000        1.000000
      0.066406        1.000000        0.000000        1.000000
      0.074219        1.000000        0.000000        1.000000
      0.082031        1.000000        0.000000        1.000000
      0.089844        1.000000        0.000000        1.000000
      0.097656        1.000000        0.000000        1.000000
      0.105469        1.000000        0.000000        1.000000
      0.113281        1.000000        0.000000        1.000000
      0.121094        1.000000        0.000000        1.000000
      0.128906        1.000000        0.000000        1.000000
      0.136719        1.000000        0.000000        1.000000
      0.144531        1.000000        0.000000        1.000000
      0.152344        1.000000        0.000000        1.000000
      0.160156        1.000000        0.000000        1.000000
      0.167969        1.000000        0.000000        1.000000
      0.175781        1.000000        0.000000        1.000000
      0.183594        1.000000        0.000000        1.000000
      0.191406        1.000000        0.000000        1.000000
      0.199219        1.000000        0.000000        1.000000
      0.207031        1.000000        0.000000        1.000000
      0.214844        1.000000        0.000000        1.000000
      0.222656        1.000000        0.000000        1.000000
      0.230469        1.000000        0.000000        1.000000
      0.238281        1.000000        0.000000        1.000000
      0.246094        1.000000        0.000000        1.000000
      0.253906        1.000000        0.000000        1.000000
      0.261719        1.000000        0.000000        1.000000
      0.269531        0.978445        0.025727        0.969954
      0.277344        0.951706        0.058279        0.933048
      0.285156        0.925555        0.090831        0.897353
      0.292969        0.899982        0.123383        0.862834
      0.300781        0.874977        0.155935        0.829460
      0.308594        0.850532        0.188487        0.797199
      0.316406        0.826635        0.221039        0.766019
      0.324219        0.803279        0.253591        0.735890
      0.332031        0.780454        0.286144        0.706783
      0.339844        0.758151        0.318696        0.678668
      0.347656        0.736360        0.351248        0.651518
      0.355469        0.715073        0.383800        0.625304
      0.363281        0.694282        0.416352        0.599999
      0.371094        0.673977        0.448904        0.575577
      0.378906        0.654150        0.481456        0.552012
      0.386719        0.634792        0.514008        0.529278
      0.394531        0.615896        0.546560        0.507353
      0.402344        0.597452        0.579112        0.486210
      0.410156        0.579452        0.611664        0.465827
      0.417969        0.561889        0.644216        0.446181
      0.425781        0.544755        0.676769        0.427249
      0.433594        0.528041        0.709321        0.409010
      0.441406        0.511739        0.741873        0.391443
      0.449219        0.495843        0.774425        0.374526
      0.457031        0.480345        0.806977        0.358240
      0.464844        0.465236        0.839529        0.342565
      0.472656        0.450510        0.872081        0.327481
      0.480469        0.436160        0.904633        0.312971
      0.488281        0.426319        0.927453        0.303130
      0.496094        0.426319        0.927453        0.303130
      0.503906        0.426319        0.927453        0.303130
      0.511719        0.426319        0.927453        0.303130
      0.519531        0.426319        0.927453        0.303130
      0.527344        0.426319        0.927453        0.303130
      0.535156        0.426319        0.927453        0.303130
      0.542969        0.426319        0.927453        0.303130
      0.550781        0.426319        0.927453        0.303130
      0.558594        0.426319        0.927453        0.303130
      0.566406        0.426319        0.927453        0.303130
      0.574219        0.426319        0.927453        0.303130
      0.582031        0.426319        0.927453        0.303130
      0.589844        0.426319        0.927453        0.303130
      0.597656        0.426319        0.927453        0.303130
      0.605469        0.426319        0.927453        0.303130
      0.613281        0.426319        0.927453        0.303130
      0.621094        0.426319        0.927453        0.303130
      0.628906        0.426319        0.927453        0.303130
      0.636719        0.426319        0.927453        0.303130
      0.644531        0.426319        0.927453        0.303130
      0.652344        0.426319        0.927453        0.303130
      0.660156        0.426319        0.927453        0.303130
      0.667969        0.426319        0.927453        0.303130
      0.675781        0.426319        0.927453        0.303130
      0.683594        0.426319        0.927453        0.303130
      0.691406        0.265574        0.927453        0.303130
      0.699219        0.265574        0.927453        0.303130
      0.707031        0.265574        0.927453        0.303130
      0.714844        0.265574        0.927453        0.303130
      0.722656        0.265574        0.927453        0.303130
      0.730469        0.265574        0.927453        0.303130
      0.738281        0.265574        0.927453        0.303130
      0.746094        0.265574        0.927453        0.303130
      0.753906        0.265574        0.927453        0.303130
      0.761719        0.265574        0.927453        0.303130
      0.769531        0.265574        0.927453        0.303130
      0.777344        0.265574        0.927453        0.303130
      0.785156        0.265574        0.927453        0.303130
      0.792969        0.265574        0.927453        0.303130
      0.800781        0.265574        0.927453        0.303130
      0.808594        0.265574        0.927453        0.303130
      0.816406        0.265574        0.927453        0.303130
      0.824219        0.265574        0.927453        0.303130
      0.832031        0.265574        0.927453        0.303130
      0.839844        0.265574        0.927453        0.303130
      0.847656        0.265574        0.927453        0.303130
      0.855469        0.125000        0.000000        0.100000
      0.863281        0.125000        0.000000        0.100000
      0.871094        0.125000        0.000000        0.100000
      0.878906        0.125000        0.000000        0.100000
      0.886719        0.125000        0.000000        0.100000
      0.894531        0.125000        0.000000        0.100000
      0.902344        0.125000        0.000000        0.100000
      0.910156        0.125000        0.000000        0.100000
      0.917969        0.125000        0.000000        0.100000
      0.925781        0.125000        0.000000        0.100000
      0.933594        0.125000        0.000000        0.100000
      0.941406        0.125000        0.000000        0.100000
      0.949219        0.125000        0.000000        0.100000
      0.957031        0.125000        0.000000        0.100000
      0.964844        0.125000        0.000000        0.100000
      0.972656        0.125000        0.000000        0.100000
      0.980469        0.125000        0.000000        0.100000
      0.988281        0.125000        0.000000        0.100000
      0.996094        0.125000        0.000000        0.100000
